[gd_scene load_steps=9 format=3 uid="uid://bfxbv03efw3i5"]

[ext_resource type="Script" uid="uid://urh482jffosh" path="res://fish.gd" id="1_xu20i"]

[sub_resource type="StandardMaterial3D" id="StandardMaterial3D_aees8"]
albedo_color = Color(0.930826, 0.342098, 1.15514e-06, 1)

[sub_resource type="StandardMaterial3D" id="StandardMaterial3D_rnkuw"]
albedo_color = Color(0.0177324, 0.0177324, 0.0177324, 1)

[sub_resource type="BoxMesh" id="BoxMesh_gx6sy"]
material = SubResource("StandardMaterial3D_rnkuw")
size = Vector3(0.325, 0.1, 0.1)

[sub_resource type="SphereShape3D" id="SphereShape3D_xu20i"]
radius = 0.776227

[sub_resource type="Animation" id="Animation_xu20i"]
resource_name = "move_tail"
length = 0.8
loop_mode = 1
step = 0.1
tracks/0/type = "value"
tracks/0/imported = false
tracks/0/enabled = true
tracks/0/path = NodePath("Model/Tail:rotation")
tracks/0/interp = 1
tracks/0/loop_wrap = true
tracks/0/keys = {
"times": PackedFloat32Array(0, 0.2, 0.6, 0.8),
"transitions": PackedFloat32Array(1, 1, 1, 1),
"update": 0,
"values": [Vector3(-0.785398, 0, 0), Vector3(-0.785398, -0.25583, 0), Vector3(-0.785398, 0.165091, 0), Vector3(-0.785398, 0, 0)]
}

[sub_resource type="Animation" id="Animation_hgn23"]
length = 0.001
tracks/0/type = "value"
tracks/0/imported = false
tracks/0/enabled = true
tracks/0/path = NodePath("Model/Tail:rotation")
tracks/0/interp = 1
tracks/0/loop_wrap = true
tracks/0/keys = {
"times": PackedFloat32Array(0),
"transitions": PackedFloat32Array(1),
"update": 0,
"values": [Vector3(-0.785398, 0, 0)]
}

[sub_resource type="AnimationLibrary" id="AnimationLibrary_6ik3a"]
_data = {
&"RESET": SubResource("Animation_hgn23"),
&"move_tail": SubResource("Animation_xu20i")
}

[node name="Fish" type="Node3D"]
script = ExtResource("1_xu20i")

[node name="Model" type="Node3D" parent="."]

[node name="Body" type="CSGBox3D" parent="Model"]
transform = Transform3D(1, 0, 0, 0, 0.707107, 0.707107, 0, -0.707107, 0.707107, 0, 0.00379652, 0)
size = Vector3(0.2, 0.5, 0.5)
material = SubResource("StandardMaterial3D_aees8")

[node name="MeshInstance3D" type="MeshInstance3D" parent="Model/Body"]
transform = Transform3D(1, 0, 0, 0, 1, 0, 0, 0, 1, 0, 0.142582, 0.0125999)
mesh = SubResource("BoxMesh_gx6sy")

[node name="Tail" type="CSGBox3D" parent="Model"]
transform = Transform3D(1, 0, 0, 0, 0.707107, 0.707107, 0, -0.707107, 0.707107, 0, 0.00379652, 0.478519)
size = Vector3(0.145, 0.331, 0.32)
material = SubResource("StandardMaterial3D_aees8")

[node name="Tail2" type="CSGBox3D" parent="Model/Tail"]
transform = Transform3D(0.996713, -0.0810292, 0.00156238, 0.0586245, 0.70754, -0.704238, 0.0559583, 0.702012, 0.709964, -4.19606e-06, -0.113434, 0.113418)
operation = 2
size = Vector3(0.273682, 0.508789, 0.325683)
material = SubResource("StandardMaterial3D_aees8")

[node name="Area3D" type="Area3D" parent="."]
collision_layer = 2
collision_mask = 0

[node name="CollisionShape3D" type="CollisionShape3D" parent="Area3D"]
shape = SubResource("SphereShape3D_xu20i")

[node name="AnimationPlayer" type="AnimationPlayer" parent="."]
libraries = {
&"": SubResource("AnimationLibrary_6ik3a")
}
autoplay = "move_tail"

[node name="Points" type="Label3D" parent="."]
visible = false
billboard = 1
font_size = 256
outline_size = 32
